1700816 04041x
1770613 134510
1770549 205512
1700924 282810
1770627 076358
1700937 169025
1780348 073323
1700917 245031
1770627 076358
1770700 290025
1700710 281911
1700833 298237

1770651 028110
1770528 079115
1700731 23305x
1700938 224651
1770614 040317
1770698 173022
1770731 04122x
1700743 081613
1770586 196113
1770706 293541
1700856 223912
1700874 095516
1700907 016615
1770562 160045
1770651 028110
1700867 258448
1770549 205512
1700825 255012
1770452 083038
1700896 26132x
1700887 071525
1770537 110317
1700874 095516
1770680 070817
1700937 169025
1770695 236138
1700935 218190
1700705 040752
1700915 241316
1700882 210844
1770742 020577
1780349 112667
1770564 215021
1770613 134510
1770731 04122x
1700911 234011
1770730 033110
1700740 041989
1770530 120021
1700907 016615
1700705 040752
1770741 174062
1770549 205512
1700816 04041x
1770585 206515
1770704 21421x
1770740 051230
1770700 290025
1700710 281911
1700710 281911
1770639 195010
1770695 236138
1770530 120021
1770525 145512
1770667 054910
1770704 21421x
1770634 094430
1770692 114749
1700816 04041x
1780348 073323
1700842 093211
1770741 174062
1700938 224651
1700915 241316
1770654 06031x
1700731 23305x
1700710 281911
1770700 290025
1700937 169025
1770586 196113
1770554 174813
1770471 074415
1770651 028110
1770715 317214
1700856 223912
1700699 073556
1700890 251415
1700699 073556
1770651 028110
1700935 218190
1770597 283334
1770540 086813
1770671 094512
1700908 022717
1770613 134510
1700937 169025
1700856 223912
1770742 020577
1700710 281911
1770596 260114
1770525 145512
1770639 195010
1700755 220070
1700874 095516
1770554 174813
1780348 073323
1700856 223912
1770700 290025
1700915 241316
1700801 170896
1700935 218190
1700825 255012
1700924 282810
1700696 310548
1700853 221335
1770639 195010
1700886 036418
1770651 028110
1700705 040752
1780349 112667
1700937 169025
1770742 020577
1700696 310548
1770556 185315
1700917 245031
1770736 081077
1770741 174062
1700725 081218
1770677 240219
1770667 054910
1770692 114749
1770613 134510
1700834 272139
1770741 174062
1770592 086118
1700925 095740
1770654 06031x
1770549 205512
1700878 01842x
1780348 073323
1700913 161827
1770710 142436
1700937 169025
1700879 206320
1780348 073323
1770564 215021
1770700 290025
1770562 160045
1770554 174813
1700776 287312
1700725 081218
1770503 121536
1770710 142436
1700917 245031
1770528 079115
1770706 293541
1770740 051230
1700867 258448
1700710 281911
1700874 095516
1770525 145512
1770525 145512
1700867 258448
1700879 206320
1770668 092711
1700801 170896
1770741 174062
1700933 110222
1700887 071525
1700915 241316
1700710 281911
1700886 036418
1780348 073323
1780348 073323
1700856 223912
1700856 223912
1770671 094512
1770542 011663
1770636 173816
1700699 073556
1770506 110918
1770564 215021
1700878 01842x
1700879 206320
1770677 240219
1700935 218190
1700896 26132x
1770731 04122x
1770561 205016
1770668 092711
1700705 040752
1770540 086813
1770742 020577
1770706 293541
1700716 166927
1700908 022717
1770668 092711
1770614 040317
1770554 174813
1700882 210844
1770466 300028
1770651 028110
1700886 036418
1700875 190416
1700842 093211
1770452 083038
1770466 300028
1700699 073556
1700925 095740
1770561 205016
1700908 022717
1770452 083038
1700887 071525
1700908 022717
1780349 112667
1700878 01842x
1770530 120021
1770452 083038
1700879 206320
1770677 240219
1700867 258448
1700879 206320
1770695 236138
1700871 06032x
1770556 185315
1700925 095740
1700913 161827
1770671 094512
1700890 251415
1770574 182029
1770592 086118
1700908 022717
1700938 224651
1770704 21421x
1770710 142436
1770556 185315
1770596 260114
1700879 206320
1770706 293541
1770621 110010
1770731 04122x
1770692 114749
1770564 215021
1770586 196113
1700834 272139
1700874 095516
1700716 166927
1770639 195010
1770559 08151x
1770667 054910
1700890 251415
1700871 06032x
1770574 182029
1700747 064324
1700871 06032x
1700890 251415
1700871 06032x
1700913 161827
1770559 08151x
1770614 040317
1700853 221335
1700938 224651
1770486 010315
1700878 01842x
1770562 160045
1700755 220070
1700743 081613
1770654 06031x
1700755 220070
1700935 218190
1770621 110010
1770730 033110
1700823 212416
1770466 300028
1700896 26132x
1601159 146618
1770540 086813
1700740 041989
1700874 095516
1770677 240219
1700907 016615
1770596 260114
1700776 287312
1770614 040317
1770742 020577
1770677 240219
1770523 101549
1700740 041989
1700911 234011
1700755 220070
1700823 212416
1700725 081218
1770564 215021
1700743 081613
1770692 114749
1700755 220070
1770692 114749
1700731 23305x
1770559 08151x
1700747 064324
1700725 081218
1700935 218190
1700913 161827
1700913 161827
1770741 174062
1770736 081077
1700886 036418
1770731 04122x
1700823 212416
1700875 190416
1700911 234011
1770452 083038
1770452 083038
1700915 241316
1700871 06032x
1770585 206515
1770556 185315
1770621 110010
1700699 073556
1770621 110010
1770698 173022
1700875 190416
1700842 093211
1770592 086118
1700886 036418
1770525 145512
1770740 051230
1770507 012331
1700743 081613
1770736 081077
1700878 01842x
1770639 195010
1700699 073556
1770677 240219
1770523 101549
1601159 146618
1770525 145512
1770680 070817
1700878 01842x
1700908 022717
1770695 236138
1770596 260114
1770528 079115
1770507 012331
1770668 092711
1700896 26132x
1770486 010315
1770695 236138
1770698 173022
1700879 206320
1770698 173022
1770736 081077
1700879 206320
1770671 094512
1700716 166927
1770621 110010
1770597 283334
1770554 174813
1700825 255012
1601159 146618
1770556 185315
1700871 06032x
1700878 01842x
1770680 070817
1700896 26132x
1700731 23305x
1700703 175214
1770614 040317
1770537 110317
1770586 196113
1770654 06031x
1770554 174813
1700887 071525
1770596 260114
1700933 110222
1700699 073556
1770668 092711
1700725 081218
1770668 092711
1700867 258448
1700747 064324
1700705 040752
1770668 092711
1770736 081077
1700933 110222
1700747 064324
1601159 146618
1770654 06031x
1700935 218190
1700915 241316
1700823 212416
1770704 21421x
1770596 260114
1700731 23305x
1601159 146618
1770706 293541
1770668 092711
1700871 06032x
1770585 206515
1770452 083038
1770680 070817
1770542 011663
1770561 205016
1770654 06031x
1770503 121536
1700915 241316
1700743 081613
1770561 205016
1770559 08151x
1700856 223912
1700907 016615
1770639 195010
1770715 317214
1770564 215021
1770621 110010
1770695 236138
1770677 240219
1700886 036418
1700933 110222
1770710 142436
1700743 081613
1700842 093211
1770507 012331
1700886 036418
1770561 205016
1770651 028110
1770525 145512
1700731 23305x
1700915 241316
1780349 112667
1770692 114749
1770698 173022
1770471 074415
1770486 010315
1700747 064324
1700896 26132x
1700907 016615
1700933 110222
1700825 255012
1770736 081077
1700755 220070
1770452 083038
1700882 210844
1700874 095516
1770486 010315
1700882 210844
1770740 051230
1770710 142436
1700915 241316
1770542 011663
1700908 022717
