1700716 166927 NewUser
1700731 23305x NewUser
1601159 146618 NewUser
1700740 041989
1700743 081613 NewUser
1700747 064324 NewUser
1700755 220070 NewUser
1700776 287312
1700801 170896 NewUser
1700833 298237 NewUser
1700834 272139 NewUser
1700842 093211 NewUser
1700853 221335 NewUser
1700867 258448
1700871 06032x NewUser
1700874 095516 NewUser
1700875 190416
1700879 206320
1700882 210844 NewUser
1700887 071525 NewUser
1700907 016615 NewUser
1700925 095740 NewUser
1700933 110222 NewUser
1700938 224651 NewUser
1770466 300028
1770471 074415 NewUser
1770486 010315
1770503 121536
1770507 012331 NewUser
1770525 145512 NewUser
1770528 079115 NewUser
1770530 120021 NewUser
1770537 110317 NewUser
1770540 086813 NewUser
1770554 174813
1770556 185315 NewUser
1770561 205016
1770585 206515 NewUser
1770592 086118 NewUser
1770596 260114
1770597 283334 NewUser
1770614 040317
1770621 110010 NewUser
1770634 094430 NewUser
1770654 06031x
1770667 054910
1770677 240219 NewUser
1770680 070817
1770692 114749 NewUser
1770698 173022 NewUser
1770704 21421x NewUser
1770706 293541 NewUser
1770710 142436 NewUser
1770715 317214 NewUser
1770720 090860 NewUser
1770730 033110 NewUser
1770731 04122x
1770736 081077 NewUser
1780349 112667 NewUser
